2
0000000000000000000
0000000000000000000
0022212222220000000
0001000000000000000
0000100000000000000
0000010000000000000
0000001000000000000
1000000000000000000
0000000000000000000
0000000000000000000
0000000000000000000
0000000000000000000
0000000000000000000
0000000000000000000
0000000000000000000
0000000000000000000
0000000000000000000
0000000000000000000
0000000000000000000
0000000000000000000
0000000000000000000
0000000000000000000
0000000000000000000
0000000000000000000
0000000000000000000
0000000000000000000
0000000000000000000
0000000000000000000
0000011110000000000
0000010000000000000
0000010000000000000
0000010000000000000
0000010000200000000
0000000000020000000
0000000000002000000
0000000000000200000
0000000000000000000
0000000000000000000
0000000000000000000